CC: floatbasic
CC: stdlib_system
va[0]: 1.0
va[1]: 2.0
va[2]: 3.0

vb[0]: 1.0
vb[1]: 2.0
vb[2]: 3.0

va[0]: 0.0
va[1]: 1.875
va[2]: 0.0

vc[0]: 1.0
vc[1]: 2.0
vc[2]: 3.0

vd[0]: 1.0
vd[1]: 2.0
vd[2]: 3.0

vc[0]: 1.0
vc[1]: 2.0
vc[2]: 3.0

vg[0]: 1.0
vg[1]: 2.0
vg[2]: 3.0

ve[0]: 2.000000473111868
ve[1]: 1.024289278924053e-307
ve[2]: 0.0078125

vec_int32[0]: 1
vec_int32[1]: 2
vec_int32[2]: 3

vec_int64[0]: 8589934593
vec_int64[1]: 3
vec_int64[2]: 3306912

